bormann: False
cv2thresh: 150
minVal: 30
maxVal: 90
apertureSize: 5
rho: 1
theta: 0.017453292519943295
thresholdHough: 25
minLineLength: 10
maxLineGap: 5
offset: 20
diagonals: False
h: 0.023
minOffset: 1e-05
sogliaLateraleClusterMura: 5
th1: 0.1
distance_extended_segment: 20
threshold_edges: 0.1
sigma: 0.125
eps: 0.85
minPts: 1
division_threshold: 5
filter_level: 0.01
th_post: 750
th_margin: 1000
threshold_color: 200
tab_sliding: [[0.01, 0.1, 67.3211136675988, 62.7605245453973, 82.43356328563094, 78.5154934873573], [0.01, 0.1, 63.386113112891216, 59.79468707789284, 78.69382894376359, 73.20434948817058], [0.01, 0.1, 27.334850990615884, 25.520466704769518, 64.67125240422108, 58.88854235702312], [0.01, 0.1, 31.619683095766522, 30.544692215430512, 52.333248441078254, 48.37017404847127], [0.01, 0.1, 54.78331578582251, 27.03346183938104, 44.32434112752111, 24.055500892216866], [0.01, 0.1, 61.82324638424248, 35.297158211130345, 43.17728726174467, 14.721426571619322], [0.01, 0.1, 34.043816834048435, 11.752916628771253, 69.82869764764804, 49.269214863827024], [0.01, 0.1, 54.324053804321125, 23.423575498990086, 59.24124495436632, 30.736816193172285]]
tab_comparison: [[''], ['precision_micro'], ['precision_macro'], ['recall_micro'], ['recall_macro'], ['iou_micro_mean_seg_to_gt'], ['iou_macro_seg_to_gt'], ['iou_micro_mean_gt_to_seg'], ['iou_macro_gt_to_seg']]
total_index: [['map', 'freiburg_building79', 'map23'], ['prec micro', 92.34439790286147, 85.65306388158598], ['prec macro', 87.64795351286001, 74.95762317220826], ['rec micro', 61.571527794769345, 85.17991370537011], ['rec macro', 60.55324264102263, 66.19898881332568], ['iou mean seg', 31.619683095766522, 54.324053804321125], ['iou seg', 30.544692215430512, 23.423575498990086], ['iou mean gt', 52.333248441078254, 59.24124495436632], ['iou gt', 48.37017404847127, 30.736816193172285]]
total_index_morphological: [['map', 'freiburg_building79_1 morphological', 'map23_1 morphological'], ['prec micro', 93.70053433247944, 82.47374338660428], ['prec macro', 93.45077720207254, 70.95836825929031], ['rec micro', 88.9118883992124, 91.60263259545013], ['rec macro', 87.74676517728001, 69.52221670626906], ['iou mean seg', 67.3211136675988, 54.78331578582251], ['iou seg', 62.7605245453973, 27.03346183938104], ['iou mean gt', 82.43356328563094, 44.32434112752111], ['iou gt', 78.5154934873573, 24.055500892216866]]
total_index_distance: [['map', 'freiburg_building79_2 distance', 'map23_2 distance'], ['prec micro', 96.459328532925, 87.7608357263556], ['prec macro', 98.30051813471503, 72.18543354754587], ['rec micro', 85.01644709571204, 94.31647913324375], ['rec macro', 84.21533560064111, 82.36496223714207], ['iou mean seg', 63.386113112891216, 61.82324638424248], ['iou seg', 59.79468707789284, 35.297158211130345], ['iou mean gt', 78.69382894376359, 43.17728726174467], ['iou gt', 73.20434948817058, 14.721426571619322]]
total_index_voronoi: [['map', 'freiburg_building79_3 voronoi', 'map23_3 voronoi'], ['prec micro', 96.14359412613017, 81.89919532943225], ['prec macro', 98.93264248704664, 83.0450777684642], ['rec micro', 64.78608243304531, 84.38260254406593], ['rec macro', 59.04968531331848, 60.293812867808306], ['iou mean seg', 27.334850990615884, 34.043816834048435], ['iou seg', 25.520466704769518, 11.752916628771253], ['iou mean gt', 64.67125240422108, 69.82869764764804], ['iou gt', 58.88854235702312, 49.269214863827024]]
comp: [0.002773625062027385, -3.1406681119024507, -1.561550909921472, 1.581890827043007]
voronoi_closeness: 10
blur: 8
iterations: 5
