bormann: True
cv2thresh: 150
minVal: 30
maxVal: 90
apertureSize: 5
rho: 1
theta: 0.017453292519943295
thresholdHough: 25
minLineLength: 10
maxLineGap: 5
offset: 20
diagonals: False
h: 0.023
minOffset: 1e-05
sogliaLateraleClusterMura: 5
th1: 0.1
distance_extended_segment: 20
threshold_edges: 0.1
sigma: 0.125
eps: 0.85
minPts: 1
division_threshold: 5
filter_level: 0.18
th_post: 750
th_margin: 1000
threshold_color: 200
tab_sliding: [[0.18, 0.1, 89.24053762469546, 79.5670956202755, 93.59179424570057, 93.32862175308394], [0.18, 0.1, 78.52410627395612, 63.28970680962165, 61.70380931054178, 28.568440488726687], [0.18, 0.1, 96.00821489724851, 96.1359336341144, 96.00821489724851, 96.1359336341144], [0.18, 0.1, 88.5816756958284, 75.3848877315608, 76.1801835733191, 56.92738293640127], [0.18, 0.1, 92.46629753346944, 78.40921734994643, 81.17102180007613, 49.14337349134305], [0.18, 0.1, 85.34741566792144, 54.900686773839716, 50.81986915791747, 20.974671467700738], [0.18, 0.1, 92.84626593363676, 75.11716865916584, 61.722931575001915, 16.05939534297332], [0.18, 0.1, 81.56001213692498, 53.95001737815822, 97.37177252036646, 90.79433648674235]]
tab_comparison: [[''], ['precision_micro'], ['precision_macro'], ['recall_micro'], ['recall_macro'], ['iou_micro_mean_seg_to_gt'], ['iou_macro_seg_to_gt'], ['iou_micro_mean_gt_to_seg'], ['iou_macro_gt_to_seg']]
total_index: [['map', 'office_a', 'lab_f_scan', 'office_h', 'lab_b_scan', 'office_b', 'lab_c_scan', 'office_e', 'office_i'], ['prec micro', 96.7669869621713, 87.1963882122613, 98.57547610493268, 90.08795733293155, 93.47857565982522, 85.91502502258265, 96.47886787223683, 99.61971102403233], ['prec macro', 96.99905852816569, 67.46005785605496, 97.89181272259175, 76.08922447332776, 78.96516569038025, 55.086189371262726, 76.56981004888698, 99.65024446929334], ['rec micro', 98.14443717787755, 89.77119290770499, 97.38765193510865, 98.15354923060043, 99.12107966487838, 98.245378151681, 99.04604629943152, 97.54523926905536], ['rec macro', 97.68615564281473, 91.99414715719062, 98.16838523830754, 98.6560532920289, 99.27492087035984, 96.7251154902392, 99.21517229298567, 91.0249357141225], ['iou mean seg', 89.24053762469546, 78.52410627395612, 96.00821489724851, 88.5816756958284, 92.46629753346944, 85.34741566792144, 92.84626593363676, 81.56001213692498], ['iou seg', 79.5670956202755, 63.28970680962165, 96.1359336341144, 75.3848877315608, 78.40921734994643, 54.900686773839716, 75.11716865916584, 53.95001737815822], ['iou mean gt', 93.59179424570057, 61.70380931054178, 96.00821489724851, 76.1801835733191, 81.17102180007613, 50.81986915791747, 61.722931575001915, 97.37177252036646], ['iou gt', 93.32862175308394, 28.568440488726687, 96.1359336341144, 56.92738293640127, 49.14337349134305, 20.974671467700738, 16.05939534297332, 90.79433648674235]]
total_index_morphological: [['map'], ['prec micro'], ['prec macro'], ['rec micro'], ['rec macro'], ['iou mean seg'], ['iou seg'], ['iou mean gt'], ['iou gt']]
total_index_distance: [['map'], ['prec micro'], ['prec macro'], ['rec micro'], ['rec macro'], ['iou mean seg'], ['iou seg'], ['iou mean gt'], ['iou gt']]
total_index_voronoi: [['map'], ['prec micro'], ['prec macro'], ['rec micro'], ['rec macro'], ['iou mean seg'], ['iou seg'], ['iou mean gt'], ['iou gt']]
comp: [1.5707963267948966, -1.566979081772308, -0.001908622511293867, -3.139684031078499]
voronoi_closeness: 10
blur: 8
iterations: 5
