bormann: False
cv2thresh: 150
minVal: 30
maxVal: 90
apertureSize: 5
rho: 1
theta: 0.017453292519943295
thresholdHough: 25
minLineLength: 10
maxLineGap: 5
offset: 20
diagonals: False
h: 0.023
minOffset: 1e-05
sogliaLateraleClusterMura: 5
th1: 0.1
distance_extended_segment: 20
threshold_edges: 0.1
sigma: 0.125
eps: 0.85
minPts: 1
division_threshold: 5
filter_level: 0.18
th_post: 750
th_margin: 1000
threshold_color: 200
tab_sliding: [[0.18, 0.1, 70.01025349326451, 59.5883586785527, 58.166924427491665, 44.36236661894102], [0.18, 0.1, 72.9728969016014, 62.335203607448975, 65.73948361361833, 43.03506457836718], [0.18, 0.1, 23.5624489897566, 22.99776898835563, 34.72900052790927, 20.81142228201052], [0.18, 0.1, 90.41786079070519, 90.4379962231202, 87.14679054848689, 87.93213204630194], [0.18, 0.1, 73.14366689566467, 59.986325344545186, 68.9680471809515, 56.846146198964576], [0.18, 0.1, 65.06793474928953, 58.06370576806076, 71.90587723485731, 66.62746457990943], [0.18, 0.1, 20.690492792562175, 21.191532980877504, 28.48641830514801, 17.475594644648158], [0.18, 0.1, 90.21324343589927, 91.85968495615154, 88.67577619607424, 84.46433743762945]]
tab_comparison: [[''], ['precision_micro'], ['precision_macro'], ['recall_micro'], ['recall_macro'], ['iou_micro_mean_seg_to_gt'], ['iou_macro_seg_to_gt'], ['iou_micro_mean_gt_to_seg'], ['iou_macro_gt_to_seg']]
total_index: [['map', 'map10', 'map15'], ['prec micro', 92.69904964782246, 95.21839781300147], ['prec macro', 93.71817352879287, 95.76367181455232], ['rec micro', 96.84317200144692, 96.9938589392698], ['rec macro', 96.31785289911274, 97.3218727370045], ['iou mean seg', 90.41786079070519, 90.21324343589927], ['iou seg', 90.4379962231202, 91.85968495615154], ['iou mean gt', 87.14679054848689, 88.67577619607424], ['iou gt', 87.93213204630194, 84.46433743762945]]
total_index_morphological: [['map', 'map10_1 morphological', 'map15_1 morphological'], ['prec micro', 72.77556410426283, 80.92354746526102], ['prec macro', 63.76376516798765, 72.76964501253444], ['rec micro', 93.90274480101904, 92.73172859011835], ['rec macro', 95.45975253125378, 93.61921853845911], ['iou mean seg', 70.01025349326451, 73.14366689566467], ['iou seg', 59.5883586785527, 59.986325344545186], ['iou mean gt', 58.166924427491665, 68.9680471809515], ['iou gt', 44.36236661894102, 56.846146198964576]]
total_index_distance: [['map', 'map10_2 distance', 'map15_2 distance'], ['prec micro', 86.24594679076732, 90.52224984771588], ['prec macro', 76.21098407799677, 91.56386369966884], ['rec micro', 90.4785742963355, 81.84038057629492], ['rec macro', 90.30403506400177, 83.4784798967287], ['iou mean seg', 72.9728969016014, 65.06793474928953], ['iou seg', 62.335203607448975, 58.06370576806076], ['iou mean gt', 65.73948361361833, 71.90587723485731], ['iou gt', 43.03506457836718, 66.62746457990943]]
total_index_voronoi: [['map', 'map10_3 voronoi', 'map15_3 voronoi'], ['prec micro', 85.70154323562407, 77.22509372950843], ['prec macro', 55.38402188398681, 51.95444275943177], ['rec micro', 81.19767902116837, 81.18177690633117], ['rec macro', 77.49372078296321, 73.62110764774408], ['iou mean seg', 23.5624489897566, 20.690492792562175], ['iou seg', 22.99776898835563, 21.191532980877504], ['iou mean gt', 34.72900052790927, 28.48641830514801], ['iou gt', 20.81142228201052, 17.475594644648158]]
comp: [1.5707963267948966, -1.5681805127619324, -0.0039237210494458274, 3.140284746573312]
voronoi_closeness: 10
blur: 8
iterations: 5
