image: UMIC_first_floor.png 
resolution: 0.020000
origin: [-26.460000, -4.040000, 0.000000]
negate: 0
occupied_thresh: 0.65
free_thresh: 0.196

