bormann: False
cv2thresh: 150
minVal: 30
maxVal: 90
apertureSize: 5
rho: 1
theta: 0.017453292519943295
thresholdHough: 25
minLineLength: 10
maxLineGap: 5
offset: 20
diagonals: False
h: 0.023
minOffset: 1e-05
sogliaLateraleClusterMura: 5
th1: 0.1
distance_extended_segment: 20
threshold_edges: 0.1
sigma: 0.125
eps: 0.85
minPts: 1
division_threshold: 5
filter_level: 0.18
th_post: 750
th_margin: 1000
threshold_color: 200
tab_sliding: [[0.18, 0.1, 69.61647588501941, 59.558203289751155, 30.2372742849432, 11.78441961360111], [0.18, 0.1, 49.9907089779958, 26.742940691580575, 26.093914439667742, 11.61486047510178], [0.18, 0.1, 32.45822929899491, 13.156118367726592, 36.261378421503224, 24.104893065563083], [0.18, 0.1, 75.8010291892503, 82.43085397860006, 50.629165429997336, 33.14268283382902], [0.18, 0.1, 49.00678082095507, 27.806993981881266, 35.44035234596171, 23.681734785494008], [0.18, 0.1, 59.56135415327527, 38.539388842164286, 27.903406190674968, 6.559014974648557], [0.18, 0.1, 28.023689249276316, 11.030541655801168, 35.78025428289804, 19.602663350693202], [0.18, 0.1, 74.41874953255854, 65.3168305516772, 50.03354670989988, 18.90227540598283]]
tab_comparison: [[''], ['precision_micro'], ['precision_macro'], ['recall_micro'], ['recall_macro'], ['iou_micro_mean_seg_to_gt'], ['iou_macro_seg_to_gt'], ['iou_micro_mean_gt_to_seg'], ['iou_macro_gt_to_seg']]
total_index: [['map', 'map10', 'map15'], ['prec micro', 82.35838037121493, 83.91333104936425], ['prec macro', 85.24845646792137, 74.92462282916598], ['rec micro', 94.26218576824068, 95.2903749700561], ['rec macro', 96.36363636363636, 97.07016146381454], ['iou mean seg', 75.8010291892503, 74.41874953255854], ['iou seg', 82.43085397860006, 65.3168305516772], ['iou mean gt', 50.629165429997336, 50.03354670989988], ['iou gt', 33.14268283382902, 18.90227540598283]]
total_index_morphological: [['map', 'map10_1 morphological', 'map15_1 morphological'], ['prec micro', 81.50631671694708, 71.9297620782779], ['prec macro', 67.39046141915472, 71.39486238322951], ['rec micro', 96.70272404395091, 91.56619474956315], ['rec macro', 86.89349338634452, 70.5457907191739], ['iou mean seg', 69.61647588501941, 49.00678082095507], ['iou seg', 59.558203289751155, 27.806993981881266], ['iou mean gt', 30.2372742849432, 35.44035234596171], ['iou gt', 11.78441961360111, 23.681734785494008]]
total_index_distance: [['map', 'map10_2 distance', 'map15_2 distance'], ['prec micro', 83.50205519562293, 83.43478531563312], ['prec macro', 66.28463626331018, 54.846652341679444], ['rec micro', 95.6876068481383, 95.61616308517087], ['rec macro', 79.00680480159033, 95.57587985278128], ['iou mean seg', 49.9907089779958, 59.56135415327527], ['iou seg', 26.742940691580575, 38.539388842164286], ['iou mean gt', 26.093914439667742, 27.903406190674968], ['iou gt', 11.61486047510178, 6.559014974648557]]
total_index_voronoi: [['map', 'map10_3 voronoi', 'map15_3 voronoi'], ['prec micro', 79.9496328240801, 72.73950687512784], ['prec macro', 73.82781042145137, 56.17408849194362], ['rec micro', 93.54807852276599, 91.28296077901442], ['rec macro', 56.24665494303846, 58.93632732325904], ['iou mean seg', 32.45822929899491, 28.023689249276316], ['iou seg', 13.156118367726592, 11.030541655801168], ['iou mean gt', 36.261378421503224, 35.78025428289804], ['iou gt', 24.104893065563083, 19.602663350693202]]
comp: [0.005163696011817542, -3.134363479173248, -1.5522070211523538, 1.5997130244610753]
voronoi_closeness: 10
blur: 8
iterations: 5
