bormann: False
cv2thresh: 150
minVal: 30
maxVal: 90
apertureSize: 5
rho: 1
theta: 0.017453292519943295
thresholdHough: 25
minLineLength: 10
maxLineGap: 5
offset: 20
diagonals: False
h: 0.023
minOffset: 1e-05
sogliaLateraleClusterMura: 5
th1: 0.1
distance_extended_segment: 20
threshold_edges: 0.1
sigma: 0.125
eps: 0.85
minPts: 1
division_threshold: 5
filter_level: 0.18
th_post: 750
th_margin: 1000
threshold_color: 200
tab_sliding: [[0.18, 0.1, 67.3211136675988, 62.7605245453973, 82.43356328563094, 78.5154934873573], [0.18, 0.1, 63.386113112891216, 59.79468707789284, 78.69382894376359, 73.20434948817058], [0.18, 0.1, 27.334850990615884, 25.520466704769518, 64.67125240422108, 58.88854235702312], [0.18, 0.1, 95.06582255749372, 92.66198887007016, 92.15365844533942, 88.06840601327708], [0.18, 0.1, 73.17578378521368, 64.35355593532273, 68.93982632198691, 56.865550590683725], [0.18, 0.1, 65.1466068373138, 61.31036055648856, 71.97229458268006, 66.69349605356487], [0.18, 0.1, 20.676385950949445, 22.99050902164426, 28.488895651989708, 17.48166953734271], [0.18, 0.1, 90.26679259585255, 91.92735570980317, 88.72932535602752, 84.52059290050867]]
tab_comparison: [[''], ['precision_micro'], ['precision_macro'], ['recall_micro'], ['recall_macro'], ['iou_micro_mean_seg_to_gt'], ['iou_macro_seg_to_gt'], ['iou_micro_mean_gt_to_seg'], ['iou_macro_gt_to_seg']]
total_index: [['map', 'freiburg_building79', 'map15'], ['prec micro', 95.48956602022184, 95.211427163364], ['prec macro', 93.34769806758575, 95.74943517687475], ['rec micro', 99.56691221548263, 97.05633736827721], ['rec macro', 99.246511082444, 97.41289643390719], ['iou mean seg', 95.06582255749372, 90.26679259585255], ['iou seg', 92.66198887007016, 91.92735570980317], ['iou mean gt', 92.15365844533942, 88.72932535602752], ['iou gt', 88.06840601327708, 84.52059290050867]]
total_index_morphological: [['map', 'freiburg_building79_1 morphological', 'map15_1 morphological'], ['prec micro', 93.70053433247944, 80.76100817737701], ['prec macro', 93.45077720207254, 72.72384017826747], ['rec micro', 88.9118883992124, 92.77042089741813], ['rec macro', 87.74676517728001, 93.70181488088859], ['iou mean seg', 67.3211136675988, 73.17578378521368], ['iou seg', 62.7605245453973, 64.35355593532273], ['iou mean gt', 82.43356328563094, 68.93982632198691], ['iou gt', 78.5154934873573, 56.865550590683725]]
total_index_distance: [['map', 'freiburg_building79_2 distance', 'map15_2 distance'], ['prec micro', 96.459328532925, 90.3596084214838], ['prec macro', 98.30051813471503, 91.51867784964872], ['rec micro', 85.01644709571204, 81.90217440206999], ['rec macro', 84.21533560064111, 83.57529643895029], ['iou mean seg', 63.386113112891216, 65.1466068373138], ['iou seg', 59.79468707789284, 61.31036055648856], ['iou mean gt', 78.69382894376359, 71.97229458268006], ['iou gt', 73.20434948817058, 66.69349605356487]]
total_index_voronoi: [['map', 'freiburg_building79_3 voronoi', 'map15_3 voronoi'], ['prec micro', 96.14359412613017, 72.96731599862233], ['prec macro', 98.93264248704664, 51.84921543746711], ['rec micro', 64.78608243304531, 81.22567717427381], ['rec macro', 59.04968531331848, 73.70660581341839], ['iou mean seg', 27.334850990615884, 20.676385950949445], ['iou seg', 25.520466704769518, 22.99050902164426], ['iou mean gt', 64.67125240422108, 28.488895651989708], ['iou gt', 58.88854235702312, 17.48166953734271]]
comp: [1.5707963267948966, -1.5663019167039236, 0.19550683895730492, -2.9415914045415157, -1.3955143332469682, 1.750572730433798]
voronoi_closeness: 10
blur: 8
iterations: 5
